%YAML:1.0
homCam1Cam2: !!opencv-matrix
      rows: 3
      cols: 3
      dt: d
      data: [ 1.0461559427940810e+00, 4.7426334380269101e-02,
          -4.7767143286450235e+01, -4.0390866073847807e-02,
          1.0138779373198377e+00, 2.7633393857608308e+01,
          2.3141353036394857e-05, -1.5381174530688975e-04, 1. ]
homCam2Cam1: !!opencv-matrix
      rows: 3
      cols: 3
      dt: d
      data: [ 9.5340107217500103e-01, -3.7531164201620504e-02,
          4.6578359066356519e+01, 3.8421848391781754e-02,
          9.8068200764015478e-01, -2.5264270228729931e+01,
          -1.6153259237421114e-05, 1.5170893310685260e-04,
          9.9503617225120344e-01 ]
nbrHom: 1
homCentersCam1: [ 2.34740768e+02, 2.81687256e+02 ]
homCentersCam2: [ 2.19560837e+02, 3.16741028e+02 ]
registrationMethod: 2
cam1CamMat: !!opencv-matrix
   rows: 3
   cols: 3
   dt: d
   data: [ 1., 0., 320., 0., 1., 240., 0., 0., 1. ]
cam2CamMat: !!opencv-matrix
   rows: 3
   cols: 3
   dt: d
   data: [ 1., 0., 320., 0., 1., 240., 0., 0., 1. ]
cam1DistCoeff: !!opencv-matrix
   rows: 1
   cols: 4
   dt: d
   data: [ -1.0085241118641660e-06, 1.8045549863346849e-12, 0., 0. ]
cam2DistCoeff: !!opencv-matrix
   rows: 1
   cols: 4
   dt: d
   data: [ -1.6116975759943711e-06, 4.6658587174349484e-12, 0., 0. ]
