%YAML:1.0
homCam1Cam2: !!opencv-matrix
      rows: 3
      cols: 3
      dt: d
      data: [ 1.1287346450596631e+00, 5.4657966504283118e-02,
          -1.0050923839824505e+02, -6.5094461541351123e-02,
          1.1105310623526059e+00, -1.6531148978235066e+01,
          7.0655542607144133e-05, 7.4829202055717171e-06, 1. ]
homCam2Cam1: !!opencv-matrix
      rows: 3
      cols: 3
      dt: d
      data: [ 8.7794351516537061e-01, -4.3800209072968471e-02,
          8.7517366284486428e+01, 5.0532180661994636e-02,
          8.9784876546658432e-01, 1.9921422694792152e+01,
          -6.2409703718138698e-05, -3.6238031303011033e-06,
          9.9366734258121470e-01 ]
nbrHom: 1
homCentersCam1: [ 3.38655731e+02, 2.26875137e+02 ]
homCentersCam2: [ 2.84566956e+02, 2.08850906e+02 ]
registrationMethod: 2
cam1CamMat: !!opencv-matrix
   rows: 3
   cols: 3
   dt: d
   data: [ 1., 0., 320., 0., 1., 240., 0., 0., 1. ]
cam2CamMat: !!opencv-matrix
   rows: 3
   cols: 3
   dt: d
   data: [ 1., 0., 320., 0., 1., 240., 0., 0., 1. ]
cam1DistCoeff: !!opencv-matrix
   rows: 1
   cols: 4
   dt: d
   data: [ -1.0085241118641660e-06, 1.8045549863346849e-12, 0., 0. ]
cam2DistCoeff: !!opencv-matrix
   rows: 1
   cols: 4
   dt: d
   data: [ -1.6116975759943711e-06, 4.6658587174349484e-12, 0., 0. ]
