%YAML:1.0
homCam1Cam2: !!opencv-matrix
      rows: 3
      cols: 3
      dt: d
      data: [ 1.1441190427887995e+00, 2.4675262674840392e-02,
          -5.0825659533620488e+01, -1.3699343130601428e-02,
          1.1500116611863487e+00, -1.4984029396648188e+01,
          8.0976152882748675e-05, 1.1410304435773466e-04, 1. ]
homCam2Cam1: !!opencv-matrix
      rows: 3
      cols: 3
      dt: d
      data: [ 8.7065157144575211e-01, -2.3037499033852299e-02,
          4.3906245779964962e+01, 9.4388716824686247e-03,
          8.6801579559787712e-01, 1.3486111076508241e+01,
          -7.1579018751270068e-05, -9.7177756784515637e-05,
          9.9490583479883776e-01 ]
nbrHom: 1
homCentersCam1: [ 2.67397430e+02, 2.13477386e+02 ]
homCentersCam2: [ 2.47932373e+02, 2.16022110e+02 ]
registrationMethod: 2
cam1CamMat: !!opencv-matrix
   rows: 3
   cols: 3
   dt: d
   data: [ 1., 0., 320., 0., 1., 240., 0., 0., 1. ]
cam2CamMat: !!opencv-matrix
   rows: 3
   cols: 3
   dt: d
   data: [ 1., 0., 320., 0., 1., 240., 0., 0., 1. ]
cam1DistCoeff: !!opencv-matrix
   rows: 1
   cols: 4
   dt: d
   data: [ -1.0085241118641660e-06, 1.8045549863346849e-12, 0., 0. ]
cam2DistCoeff: !!opencv-matrix
   rows: 1
   cols: 4
   dt: d
   data: [ -1.6116975759943711e-06, 4.6658587174349484e-12, 0., 0. ]
