%YAML:1.0
homCam1Cam2: !!opencv-matrix
      rows: 3
      cols: 3
      dt: d
      data: [ 1.0437844038600026e+00, -1.2082942281160698e-02,
          -4.0517692545368309e+00, 2.7896873366459740e-03,
          1.0694674025984201e+00, -8.0260905794920152e+00,
          -4.2603714047927460e-05, -3.8616254039984989e-05, 1. ]
homCam2Cam1: !!opencv-matrix
      rows: 3
      cols: 3
      dt: d
      data: [ 9.5818499414923164e-01, 1.0969025577481362e-02,
          3.9703828923060405e+00, -2.1936839326019975e-03,
          9.3529080916819374e-01, 7.4978404514380177e+00,
          4.0737527639708726e-05, 3.6584748717163884e-05,
          1.0004586915690281e+00 ]
nbrHom: 1
homCentersCam1: [ 2.62605469e+02, 2.15980331e+02 ]
homCentersCam2: [ 2.73475983e+02, 2.28479538e+02 ]
registrationMethod: 2
cam1CamMat: !!opencv-matrix
   rows: 3
   cols: 3
   dt: d
   data: [ 1., 0., 320., 0., 1., 240., 0., 0., 1. ]
cam2CamMat: !!opencv-matrix
   rows: 3
   cols: 3
   dt: d
   data: [ 1., 0., 320., 0., 1., 240., 0., 0., 1. ]
cam1DistCoeff: !!opencv-matrix
   rows: 1
   cols: 4
   dt: d
   data: [ -1.0085241118641660e-06, 1.8045549863346849e-12, 0., 0. ]
cam2DistCoeff: !!opencv-matrix
   rows: 1
   cols: 4
   dt: d
   data: [ -1.6116975759943711e-06, 4.6658587174349484e-12, 0., 0. ]
