%YAML:1.0
homCam1Cam2: !!opencv-matrix
      rows: 3
      cols: 3
      dt: d
      data: [ 1.1685109066124246e+00, 9.6297323122160897e-02,
          -3.9982548431090088e+01, 2.6992723022745961e-02,
          1.2248973573689319e+00, -6.9154699040628216e+01,
          4.8034974756717496e-05, 2.1772182320019414e-04, 1. ]
homCam2Cam1: !!opencv-matrix
      rows: 3
      cols: 3
      dt: d
      data: [ 8.5626382610312579e-01, -7.2510564923092269e-02,
          2.9221163602436352e+01, -2.0934059320708687e-02,
          8.0825438045134557e-01, 5.5057591387732657e+01,
          -3.6572809709667711e-05, -1.7249157416573783e-04,
          9.8660912296604675e-01 ]
nbrHom: 1
homCentersCam1: [ 2.77725586e+02, 2.58068298e+02 ]
homCentersCam2: [ 2.88594971e+02, 2.36681427e+02 ]
registrationMethod: 2
cam1CamMat: !!opencv-matrix
   rows: 3
   cols: 3
   dt: d
   data: [ 1., 0., 320., 0., 1., 240., 0., 0., 1. ]
cam2CamMat: !!opencv-matrix
   rows: 3
   cols: 3
   dt: d
   data: [ 1., 0., 320., 0., 1., 240., 0., 0., 1. ]
cam1DistCoeff: !!opencv-matrix
   rows: 1
   cols: 4
   dt: d
   data: [ -1.0085241118641660e-06, 1.8045549863346849e-12, 0., 0. ]
cam2DistCoeff: !!opencv-matrix
   rows: 1
   cols: 4
   dt: d
   data: [ -1.6116975759943711e-06, 4.6658587174349484e-12, 0., 0. ]
