%YAML:1.0
homCam1Cam2: !!opencv-matrix
      rows: 3
      cols: 3
      dt: d
      data: [ 1.2214070666675059e+00, 1.5695122842978923e-01,
          -5.5382574558212362e+01, 4.4479196130448331e-02,
          1.2878649136738958e+00, -1.3354326436202214e+02,
          7.9501143843485175e-05, 3.1586072433965418e-04, 1. ]
homCam2Cam1: !!opencv-matrix
      rows: 3
      cols: 3
      dt: d
      data: [ 8.2062470725287362e-01, -1.0763040768039961e-01,
          3.1074993047487659e+01, -3.3993689588506931e-02,
          7.5631220254725284e-01, 9.9117742356846819e+01,
          -5.4503331476424884e-05, -2.3033257960056262e-04,
          9.6622210061205149e-01 ]
nbrHom: 1
homCentersCam1: [ 2.58006744e+02, 2.50217651e+02 ]
homCentersCam2: [ 2.70548767e+02, 1.79748962e+02 ]
registrationMethod: 2
cam1CamMat: !!opencv-matrix
   rows: 3
   cols: 3
   dt: d
   data: [ 1., 0., 320., 0., 1., 240., 0., 0., 1. ]
cam2CamMat: !!opencv-matrix
   rows: 3
   cols: 3
   dt: d
   data: [ 1., 0., 320., 0., 1., 240., 0., 0., 1. ]
cam1DistCoeff: !!opencv-matrix
   rows: 1
   cols: 4
   dt: d
   data: [ -1.0085241118641660e-06, 1.8045549863346849e-12, 0., 0. ]
cam2DistCoeff: !!opencv-matrix
   rows: 1
   cols: 4
   dt: d
   data: [ -1.6116975759943711e-06, 4.6658587174349484e-12, 0., 0. ]
