%YAML:1.0
homCam1Cam2: !!opencv-matrix
      rows: 3
      cols: 3
      dt: d
      data: [ 1.0523300830158788e+00, 1.0939714834397133e-02,
          -7.5812270127929668e+00, 1.6925745623838310e-02,
          1.1382129334980873e+00, -5.6274844453377753e+01,
          -1.4060105031919477e-04, 1.8799224671013377e-04, 1. ]
homCam2Cam1: !!opencv-matrix
      rows: 3
      cols: 3
      dt: d
      data: [ 9.5132349823268969e-01, -1.0239489512243946e-02,
          6.6359737231232527e+00, -7.4641007603344772e-03,
          8.7055981139930871e-01, 4.8934030931550481e+01,
          1.3516027611631043e-04, -1.6509817782171463e-04,
          9.9173380645995646e-01 ]
nbrHom: 1
homCentersCam1: [ 2.06224960e+02, 2.42180801e+02 ]
homCentersCam2: [ 2.09990845e+02, 2.17083206e+02 ]
registrationMethod: 2
cam1CamMat: !!opencv-matrix
   rows: 3
   cols: 3
   dt: d
   data: [ 1., 0., 320., 0., 1., 240., 0., 0., 1. ]
cam2CamMat: !!opencv-matrix
   rows: 3
   cols: 3
   dt: d
   data: [ 1., 0., 320., 0., 1., 240., 0., 0., 1. ]
cam1DistCoeff: !!opencv-matrix
   rows: 1
   cols: 4
   dt: d
   data: [ -1.0085241118641660e-06, 1.8045549863346849e-12, 0., 0. ]
cam2DistCoeff: !!opencv-matrix
   rows: 1
   cols: 4
   dt: d
   data: [ -1.6116975759943711e-06, 4.6658587174349484e-12, 0., 0. ]
