%YAML:1.0
homCam1Cam2: !!opencv-matrix
      rows: 3
      cols: 3
      dt: d
      data: [ 1.0606863680615639e+00, -1.0985732523454491e-02,
          -8.4983615066965390e-01, 4.4010287693093293e-03,
          1.0986197314482833e+00, 7.1820727552502941e+00,
          -2.0057268496768568e-05, -1.7039032970406144e-05, 1. ]
homCam2Cam1: !!opencv-matrix
      rows: 3
      cols: 3
      dt: d
      data: [ 9.4276046220067078e-01, 9.4385804828250180e-03,
          7.3340335046622729e-01, -3.8998443196510968e-03,
          9.1009263638010207e-01, -6.5396657571842685e+00,
          1.8842750142546855e-05, 1.5696410580495757e-05,
          9.9990328048746413e-01 ]
nbrHom: 1
homCentersCam1: [ 1.84480087e+02, 1.81210327e+02 ]
homCentersCam2: [ 1.94290375e+02, 2.08678268e+02 ]
registrationMethod: 2
cam1CamMat: !!opencv-matrix
   rows: 3
   cols: 3
   dt: d
   data: [ 1., 0., 320., 0., 1., 240., 0., 0., 1. ]
cam2CamMat: !!opencv-matrix
   rows: 3
   cols: 3
   dt: d
   data: [ 1., 0., 320., 0., 1., 240., 0., 0., 1. ]
cam1DistCoeff: !!opencv-matrix
   rows: 1
   cols: 4
   dt: d
   data: [ -1.0085241118641660e-06, 1.8045549863346849e-12, 0., 0. ]
cam2DistCoeff: !!opencv-matrix
   rows: 1
   cols: 4
   dt: d
   data: [ -1.6116975759943711e-06, 4.6658587174349484e-12, 0., 0. ]
