%YAML:1.0
homCam1Cam2: !!opencv-matrix
      rows: 3
      cols: 3
      dt: d
      data: [ 1.1129920286328285e+00, 9.6876069320310912e-02,
          -6.2455464434210640e+01, -7.4141119876946521e-02,
          1.1507008913614170e+00, -1.2104541408354814e+01,
          3.4118700027637935e-05, 5.6880334642073462e-05, 1. ]
homCam2Cam1: !!opencv-matrix
      rows: 3
      cols: 3
      dt: d
      data: [ 8.9162019869812403e-01, -7.7770500446199015e-02,
          5.4745177365615014e+01, 5.7094054041616493e-02,
          8.6353593757723746e-01, 1.4018542175607241e+01,
          -3.3668450997925356e-05, -4.6464784729124964e-05,
          9.9733478634535999e-01 ]
nbrHom: 1
homCentersCam1: [ 3.19950165e+02, 1.69022598e+02 ]
homCentersCam2: [ 3.02532562e+02, 1.55068100e+02 ]
registrationMethod: 2
cam1CamMat: !!opencv-matrix
   rows: 3
   cols: 3
   dt: d
   data: [ 1., 0., 320., 0., 1., 240., 0., 0., 1. ]
cam2CamMat: !!opencv-matrix
   rows: 3
   cols: 3
   dt: d
   data: [ 1., 0., 320., 0., 1., 240., 0., 0., 1. ]
cam1DistCoeff: !!opencv-matrix
   rows: 1
   cols: 4
   dt: d
   data: [ -1.0085241118641660e-06, 1.8045549863346849e-12, 0., 0. ]
cam2DistCoeff: !!opencv-matrix
   rows: 1
   cols: 4
   dt: d
   data: [ -1.6116975759943711e-06, 4.6658587174349484e-12, 0., 0. ]
